1000000000000000000
1000000000000000000
0000000000000000000
0100000011000000110
0000000000000000100
0000000000000000010
0000000000000000001
0000000000000000000
0100000101000001010
0000000000000001000
0000000000000000110
0000000000000000100
0000000000000000010
0000000000000000001
0000000000000000000
0100000001000000010
0000000000000000001
0000000000000000000
0100001000000010000
0000000000000001110
0000000000000001100
0000000000000001010
0000000000000001000
0000000000000000110
0000000000000000100
0000000000000000010
0000000000000000001
0000000000000000000
0000000000000000000
0000000000000000000
0000000000000000000
0000000000000000000
