1010110100101101000000000
1101001101010011000000000
0000000000000000000000000
0000000010000001000000011
0111111110000000100000000
0011001000011001001111111
0100111001100111010000000
0011111110000000001111111
0011111110000000101111111
0100000000000000010000000
0100000001111111110000000
0000101001110001011110110
0111011000001111000001010
0010000000011111101111111
0010000000100000001111111
0110000001100000010000000
0110000001011111110000000
0011111100000000101111111
0100000011111111110000000
0001100100100110101111111
0110011101011001010000000
0010110101010011000000000
0000011001001110010101000
0111101000110010001011000
0011111111000000011111111
0100000000111111111111111
0010101010010101101111111
0101010111101010010000000
0001000010010110001001101
0110111111101010010110011
0000001011111101011111111
0111110110000011000000001
